start=377.589390
pause=yes
audio-delay=0.700000
