start=236.966667
volume=70.000000
