start=635.635000
pause=yes
audio-delay=0.000002
