start=3.500000
speed=0.564474
pause=yes
