start=731.999000
audio-delay=0.100000
