start=667.666667
volume=100.000000
sid=no
