start=3688.336906
osd-level=3
speed=1.100000
pause=yes
fullscreen=no
