start=1305.320000
panscan=0.000000
sid=no
