start=15397.400000
pause=yes
audio-delay=0.200000
