start=612.821000
audio-delay=0.200000
