start=146.521000
pause=yes
audio-delay=0.075000
