start=683.167000
pause=yes
audio-delay=0.200000
