start=669.252000
pause=yes
volume=66.000000
