start=653.361000
audio-delay=0.175000
