start=1753.807000
audio-delay=-0.075000
