start=1503.233000
audio-delay=0.075000
