start=1854.886000
audio-delay=0.200000
